[AXISINFO]
real_x_min = 399.81156587497486
real_x_max = 780.6157391590759

[GRIDINFO]
grid_big_ticks = 10
grid_little_ticks = 50

